eval_loss = 0.38212152775395963
mcc = 0.9178770249392066
